# transform file /Users/martinnorgaard/Dropbox/Mac/Documents/BIDS/data/ds004230/derivatives/PETPrep/sub-PS11/ses-baselinebrain/pet/nopvc/aux/bbpet2pet.lta
# created by martinnorgaard on Wed Aug  3 10:19:39 2022

type      = 0 # LINEAR_VOX_TO_VOX
nxforms   = 1
mean      = 0.0000 0.0000 0.0000
sigma     = 10000.0000
1 4 4
1.000000000000000e+00 0.000000000000000e+00 0.000000000000000e+00 6.400000000000000e+01 
0.000000000000000e+00 1.000000000000000e+00 0.000000000000000e+00 4.400000000000000e+01 
0.000000000000000e+00 0.000000000000000e+00 1.000000000000000e+00 0.000000000000000e+00 
0.000000000000000e+00 0.000000000000000e+00 0.000000000000000e+00 1.000000000000000e+00 
src volume info
valid = 1  # volume info valid
filename = 
volume = 75 104 99
voxelsize = 2.000000000000000e+00 2.000000000000000e+00 2.000000000000000e+00
xras   = -1.000000000000000e+00 -0.000000000000000e+00 0.000000000000000e+00
yras   = 0.000000000000000e+00 1.000000000000000e+00 0.000000000000000e+00
zras   = -0.000000000000000e+00 -0.000000000000000e+00 1.000000000000000e+00
cras   = -1.099014282226562e+00 2.425674285888672e+02 -2.410000000000000e+02
dst volume info
valid = 1  # volume info valid
filename = /Users/martinnorgaard/Dropbox/Mac/Documents/BIDS/data/ds004230/derivatives/PETPrep/sub-PS11/ses-baselinebrain/pet/sub-PS11_ses-baselinebrain_desc-mc_pet.nii.gz
volume = 204 204 111
voxelsize = 2.000000000000000e+00 2.000000000000000e+00 2.000000000000000e+00
xras   = -1.000000000000000e+00 -0.000000000000000e+00 0.000000000000000e+00
yras   = 0.000000000000000e+00 1.000000000000000e+00 0.000000000000000e+00
zras   = -0.000000000000000e+00 -0.000000000000000e+00 1.000000000000000e+00
cras   = -2.099014282226562e+00 2.545674285888672e+02 -2.290000000000000e+02
