# transform file from-pet_to-t1w_reg.lta
# created by martinnorgaard on Sat May 27 08:48:34 2023

type      = 0 # LINEAR_VOX_TO_VOX
nxforms   = 1
mean      = 0.0000 0.0000 0.0000
sigma     = 10000.0000
1 4 4
1.999889135360718e+00 -1.728857681155205e-02 1.203693449497223e-02 -7.506881713867188e+01 
8.919171057641506e-03 -3.403996229171753e-01 -1.970799326896667e+00 2.517861633300781e+02 
1.908484101295471e-02 1.970743536949158e+00 -3.403035998344421e-01 -4.650690460205078e+01 
0.000000000000000e+00 0.000000000000000e+00 0.000000000000000e+00 1.000000000000000e+00 
src volume info
valid = 1  # volume info valid
filename = /Users/martinnorgaard/Dropbox/Mac/Documents/BIDS/data/ds004230/extract_tacs_pet_wf/_session_id_baselinebrain_subject_id_PS11/coreg_pet_to_t1w/sub-PS11_ses-baselinebrain_desc-mc_desc-wavg_pet.nii.gz
volume = 204 204 111
voxelsize = 2.000000000000000e+00 2.000000000000000e+00 2.000000000000000e+00
xras   = -1.000000000000000e+00 -0.000000000000000e+00 0.000000000000000e+00
yras   = 0.000000000000000e+00 1.000000000000000e+00 0.000000000000000e+00
zras   = -0.000000000000000e+00 -0.000000000000000e+00 1.000000000000000e+00
cras   = -2.099014282226562e+00 2.545674285888672e+02 -2.290000000000000e+02
dst volume info
valid = 1  # volume info valid
filename = /Users/martinnorgaard/Dropbox/Mac/Documents/BIDS/data/ds004230/extract_tacs_pet_wf/_session_id_baselinebrain_subject_id_PS11/coreg_pet_to_t1w/brainmask.mgz
volume = 256 256 256
voxelsize = 1.000000000000000e+00 1.000000000000000e+00 1.000000000000000e+00
xras   = -9.999999403953552e-01 5.820766091346741e-10 0.000000000000000e+00
yras   = 0.000000000000000e+00 -3.725290298461914e-09 -9.999998807907104e-01
zras   = 3.492459654808044e-10 9.999998807907104e-01 0.000000000000000e+00
cras   = -6.233024597167969e+00 9.515975952148438e+00 -4.387435913085938e-01
subject unknown
